1 55
1 58
1 76
1 79
1 97
1 100
1 103
1 130
1 133
1 146
1 149
1 152
1 158
1 173
1 178
1 181
1 200
1 203
1 214
1 249
1 258
1 264
1 273
1 279
1 295
1 702
1 705
1 718
1 721
1 724
1 727
1 763
1 781
1 802
1 805
1 808
1 819
1 822
1 845
1 869
1 872
1 876
1 887
1 890
1 931
1 934
1 946
1 968
1 971
1 1635
1 1638
1 1656
1 1659
1 1677
1 1680
1 1698
1 1701
1 1723
1 1726
1 1748
1 1751
1 1771
1 1780
1 1789
1 1798
1 1807
1 1818
1 1828
1 1835
1 1861
1 1872
1 1886
1 1890
1 1901
1 1926
1 1930
1 1944
1 1948
1 1977
1 1991
1 1994
1 2002
1 2006
1 2010
1 2044
1 2047
1 2055
1 2059
1 2063
1 2109
1 2123
1 2126
1 2134
1 2138
1 2142
1 2176
1 2179
1 2187
1 2191
1 2195
1 2241
1 2255
1 2258
1 2266
1 2270
1 2274
1 2308
1 2311
1 2319
1 2323
1 2327
1 2370
1 2373
1 2396
1 2399
1 994
1 997
1 1006
1 1009
1 1018
1 1021
1 1035
1 1051
1 1117
1 1137
1 1140
1 1143
1 1155
1 1267
1 1270
1 1278
1 1282
1 1286
1 1320
1 1323
1 1327
1 1338
1 1341
1 1365
1 1368
1 1382
1 1385
1 1413
1 1427
1 1445
1 1449
1 1489
1 1493
1 1474
1 1545
1 308
1 325
1 337
1 340
1 343
1 378
1 381
1 392
1 397
1 421
1 450
1 453
1 466
1 469
1 480
1 485
1 527
1 506
1 550
1 553
1 566
1 569
1 572
1 586
1 589
1 607
1 610
1 614
1 632
1 635
1 645
1 648
1 661
1 664
1 667
1 670
1 1183
1 1203
1 1213
1 1071
1 1074
1 1077
1 1089
